1.699216 0.037937 2.548198 19.354713
1.717250 0.069057 2.551316 19.151584
1.739816 0.109787 2.555218 18.902877
1.765106 0.169759 2.559662 18.632383
1.782374 0.213727 2.562798 18.451546
1.801071 0.288444 2.566194 18.260170
1.812030 0.328827 2.568184 18.149808
1.825850 0.392229 2.570746 17.731439
1.835023 0.437442 2.572498 16.712067
1.843098 0.505687 2.574041 15.907102
1.850078 0.562292 2.575374 15.271139
1.854753 0.607231 2.576267 14.872984
1.861830 0.656143 2.577618 14.308198
1.867743 0.721908 2.578748 13.868086
1.873704 0.778082 2.579887 13.451165
1.879713 0.824322 2.581034 13.122154
1.889841 0.873988 2.583005 13.051763
1.900492 0.925641 2.585147 12.978753
1.915977 0.964278 2.588262 12.873823
1.950141 0.973320 2.595134 12.648301
1.965998 0.938725 2.598451 12.546264
1.979454 0.870049 2.601305 12.460903
1.987363 0.813430 2.602982 12.411413
2.006920 0.739408 2.607130 11.959004
2.020950 0.666076 2.610105 11.287191
2.030868 0.632020 2.612280 10.856113
2.041174 0.594880 2.614588 10.441683
2.056831 0.539333 2.618095 9.869719
2.072529 0.486251 2.621610 9.355412
2.087961 0.439668 2.625067 8.899172
2.106185 0.376815 2.629256 8.415383
2.119551 0.326886 2.632422 8.092579
2.135732 0.251143 2.636255 7.733353
2.150528 0.207437 2.639761 7.228567
2.174190 0.145098 2.645374 6.506604
2.195575 0.110160 2.650744 5.967655
2.244807 0.047572 2.663105 4.111673
